 0.00000e+00  5.00000e-08  0.00000e+00  2.77778e-09  0.00000e+00  5.00000e-08 
 5.00000e-08  1.00000e-07  0.00000e+00  2.77778e-09  0.00000e+00  5.00000e-08 
 0.00000e+00  5.00000e-08  2.77778e-09  5.55556e-09  0.00000e+00  5.00000e-08 
 5.00000e-08  1.00000e-07  2.77778e-09  5.55556e-09  0.00000e+00  5.00000e-08 
 0.00000e+00  5.00000e-08  0.00000e+00  2.77778e-09  5.00000e-08  1.00000e-07 
 5.00000e-08  1.00000e-07  0.00000e+00  2.77778e-09  5.00000e-08  1.00000e-07 
 0.00000e+00  5.00000e-08  2.77778e-09  5.55556e-09  5.00000e-08  1.00000e-07 
 5.00000e-08  1.00000e-07  2.77778e-09  5.55556e-09  5.00000e-08  1.00000e-07 
 0.00000e+00  5.00000e-08  5.55556e-09  8.33333e-09  0.00000e+00  5.00000e-08 
 5.00000e-08  1.00000e-07  5.55556e-09  8.33333e-09  0.00000e+00  5.00000e-08 
 0.00000e+00  5.00000e-08  8.33333e-09  1.11111e-08  0.00000e+00  5.00000e-08 
 5.00000e-08  1.00000e-07  8.33333e-09  1.11111e-08  0.00000e+00  5.00000e-08 
 0.00000e+00  5.00000e-08  5.55556e-09  8.33333e-09  5.00000e-08  1.00000e-07 
 5.00000e-08  1.00000e-07  5.55556e-09  8.33333e-09  5.00000e-08  1.00000e-07 
 0.00000e+00  5.00000e-08  8.33333e-09  1.11111e-08  5.00000e-08  1.00000e-07 
 5.00000e-08  1.00000e-07  8.33333e-09  1.11111e-08  5.00000e-08  1.00000e-07 
 0.00000e+00  5.00000e-08  1.11111e-08  1.38889e-08  0.00000e+00  5.00000e-08 
 5.00000e-08  1.00000e-07  1.11111e-08  1.38889e-08  0.00000e+00  5.00000e-08 
 0.00000e+00  5.00000e-08  1.38889e-08  1.66667e-08  0.00000e+00  5.00000e-08 
 5.00000e-08  1.00000e-07  1.38889e-08  1.66667e-08  0.00000e+00  5.00000e-08 
 0.00000e+00  5.00000e-08  1.11111e-08  1.38889e-08  5.00000e-08  1.00000e-07 
 5.00000e-08  1.00000e-07  1.11111e-08  1.38889e-08  5.00000e-08  1.00000e-07 
 0.00000e+00  5.00000e-08  1.38889e-08  1.66667e-08  5.00000e-08  1.00000e-07 
 5.00000e-08  1.00000e-07  1.38889e-08  1.66667e-08  5.00000e-08  1.00000e-07 
 0.00000e+00  5.00000e-08  1.66667e-08  1.94444e-08  0.00000e+00  5.00000e-08 
 5.00000e-08  1.00000e-07  1.66667e-08  1.94444e-08  0.00000e+00  5.00000e-08 
 0.00000e+00  5.00000e-08  1.94444e-08  2.22222e-08  0.00000e+00  5.00000e-08 
 5.00000e-08  1.00000e-07  1.94444e-08  2.22222e-08  0.00000e+00  5.00000e-08 
 0.00000e+00  5.00000e-08  1.66667e-08  1.94444e-08  5.00000e-08  1.00000e-07 
 5.00000e-08  1.00000e-07  1.66667e-08  1.94444e-08  5.00000e-08  1.00000e-07 
 0.00000e+00  5.00000e-08  1.94444e-08  2.22222e-08  5.00000e-08  1.00000e-07 
 5.00000e-08  1.00000e-07  1.94444e-08  2.22222e-08  5.00000e-08  1.00000e-07 
 0.00000e+00  5.00000e-08  2.22222e-08  2.50000e-08  0.00000e+00  5.00000e-08 
 5.00000e-08  1.00000e-07  2.22222e-08  2.50000e-08  0.00000e+00  5.00000e-08 
 0.00000e+00  5.00000e-08  2.50000e-08  2.77778e-08  0.00000e+00  5.00000e-08 
 5.00000e-08  1.00000e-07  2.50000e-08  2.77778e-08  0.00000e+00  5.00000e-08 
 0.00000e+00  5.00000e-08  2.22222e-08  2.50000e-08  5.00000e-08  1.00000e-07 
 5.00000e-08  1.00000e-07  2.22222e-08  2.50000e-08  5.00000e-08  1.00000e-07 
 0.00000e+00  5.00000e-08  2.50000e-08  2.77778e-08  5.00000e-08  1.00000e-07 
 5.00000e-08  1.00000e-07  2.50000e-08  2.77778e-08  5.00000e-08  1.00000e-07 
 0.00000e+00  5.00000e-08  2.77778e-08  3.05556e-08  0.00000e+00  5.00000e-08 
 5.00000e-08  1.00000e-07  2.77778e-08  3.05556e-08  0.00000e+00  5.00000e-08 
 0.00000e+00  5.00000e-08  3.05556e-08  3.33333e-08  0.00000e+00  5.00000e-08 
 5.00000e-08  1.00000e-07  3.05556e-08  3.33333e-08  0.00000e+00  5.00000e-08 
 0.00000e+00  5.00000e-08  2.77778e-08  3.05556e-08  5.00000e-08  1.00000e-07 
 5.00000e-08  1.00000e-07  2.77778e-08  3.05556e-08  5.00000e-08  1.00000e-07 
 0.00000e+00  5.00000e-08  3.05556e-08  3.33333e-08  5.00000e-08  1.00000e-07 
 5.00000e-08  1.00000e-07  3.05556e-08  3.33333e-08  5.00000e-08  1.00000e-07 
 0.00000e+00  5.00000e-08  3.33333e-08  3.61111e-08  0.00000e+00  5.00000e-08 
 5.00000e-08  1.00000e-07  3.33333e-08  3.61111e-08  0.00000e+00  5.00000e-08 
 0.00000e+00  5.00000e-08  3.61111e-08  3.88889e-08  0.00000e+00  5.00000e-08 
 5.00000e-08  1.00000e-07  3.61111e-08  3.88889e-08  0.00000e+00  5.00000e-08 
 0.00000e+00  5.00000e-08  3.33333e-08  3.61111e-08  5.00000e-08  1.00000e-07 
 5.00000e-08  1.00000e-07  3.33333e-08  3.61111e-08  5.00000e-08  1.00000e-07 
 0.00000e+00  5.00000e-08  3.61111e-08  3.88889e-08  5.00000e-08  1.00000e-07 
 5.00000e-08  1.00000e-07  3.61111e-08  3.88889e-08  5.00000e-08  1.00000e-07 
 0.00000e+00  5.00000e-08  3.88889e-08  4.16667e-08  0.00000e+00  5.00000e-08 
 5.00000e-08  1.00000e-07  3.88889e-08  4.16667e-08  0.00000e+00  5.00000e-08 
 0.00000e+00  5.00000e-08  4.16667e-08  4.44444e-08  0.00000e+00  5.00000e-08 
 5.00000e-08  1.00000e-07  4.16667e-08  4.44444e-08  0.00000e+00  5.00000e-08 
 0.00000e+00  5.00000e-08  3.88889e-08  4.16667e-08  5.00000e-08  1.00000e-07 
 5.00000e-08  1.00000e-07  3.88889e-08  4.16667e-08  5.00000e-08  1.00000e-07 
 0.00000e+00  5.00000e-08  4.16667e-08  4.44444e-08  5.00000e-08  1.00000e-07 
 5.00000e-08  1.00000e-07  4.16667e-08  4.44444e-08  5.00000e-08  1.00000e-07 
 0.00000e+00  5.00000e-08  4.44444e-08  4.72222e-08  0.00000e+00  5.00000e-08 
 5.00000e-08  1.00000e-07  4.44444e-08  4.72222e-08  0.00000e+00  5.00000e-08 
 0.00000e+00  5.00000e-08  4.72222e-08  5.00000e-08  0.00000e+00  5.00000e-08 
 5.00000e-08  1.00000e-07  4.72222e-08  5.00000e-08  0.00000e+00  5.00000e-08 
 0.00000e+00  5.00000e-08  4.44444e-08  4.72222e-08  5.00000e-08  1.00000e-07 
 5.00000e-08  1.00000e-07  4.44444e-08  4.72222e-08  5.00000e-08  1.00000e-07 
 0.00000e+00  5.00000e-08  4.72222e-08  5.00000e-08  5.00000e-08  1.00000e-07 
 5.00000e-08  1.00000e-07  4.72222e-08  5.00000e-08  5.00000e-08  1.00000e-07 
 0.00000e+00  5.00000e-08  5.00000e-08  5.27778e-08  0.00000e+00  5.00000e-08 
 5.00000e-08  1.00000e-07  5.00000e-08  5.27778e-08  0.00000e+00  5.00000e-08 
 0.00000e+00  5.00000e-08  5.27778e-08  5.55556e-08  0.00000e+00  5.00000e-08 
 5.00000e-08  1.00000e-07  5.27778e-08  5.55556e-08  0.00000e+00  5.00000e-08 
 0.00000e+00  5.00000e-08  5.00000e-08  5.27778e-08  5.00000e-08  1.00000e-07 
 5.00000e-08  1.00000e-07  5.00000e-08  5.27778e-08  5.00000e-08  1.00000e-07 
 0.00000e+00  5.00000e-08  5.27778e-08  5.55556e-08  5.00000e-08  1.00000e-07 
 5.00000e-08  1.00000e-07  5.27778e-08  5.55556e-08  5.00000e-08  1.00000e-07 
 0.00000e+00  5.00000e-08  5.55556e-08  5.83333e-08  0.00000e+00  5.00000e-08 
 5.00000e-08  1.00000e-07  5.55556e-08  5.83333e-08  0.00000e+00  5.00000e-08 
 0.00000e+00  5.00000e-08  5.83333e-08  6.11111e-08  0.00000e+00  5.00000e-08 
 5.00000e-08  1.00000e-07  5.83333e-08  6.11111e-08  0.00000e+00  5.00000e-08 
 0.00000e+00  5.00000e-08  5.55556e-08  5.83333e-08  5.00000e-08  1.00000e-07 
 5.00000e-08  1.00000e-07  5.55556e-08  5.83333e-08  5.00000e-08  1.00000e-07 
 0.00000e+00  5.00000e-08  5.83333e-08  6.11111e-08  5.00000e-08  1.00000e-07 
 5.00000e-08  1.00000e-07  5.83333e-08  6.11111e-08  5.00000e-08  1.00000e-07 
 0.00000e+00  5.00000e-08  6.11111e-08  6.38889e-08  0.00000e+00  5.00000e-08 
 5.00000e-08  1.00000e-07  6.11111e-08  6.38889e-08  0.00000e+00  5.00000e-08 
 0.00000e+00  5.00000e-08  6.38889e-08  6.66667e-08  0.00000e+00  5.00000e-08 
 5.00000e-08  1.00000e-07  6.38889e-08  6.66667e-08  0.00000e+00  5.00000e-08 
 0.00000e+00  5.00000e-08  6.11111e-08  6.38889e-08  5.00000e-08  1.00000e-07 
 5.00000e-08  1.00000e-07  6.11111e-08  6.38889e-08  5.00000e-08  1.00000e-07 
 0.00000e+00  5.00000e-08  6.38889e-08  6.66667e-08  5.00000e-08  1.00000e-07 
 5.00000e-08  1.00000e-07  6.38889e-08  6.66667e-08  5.00000e-08  1.00000e-07 
 0.00000e+00  5.00000e-08  6.66667e-08  6.94444e-08  0.00000e+00  5.00000e-08 
 5.00000e-08  1.00000e-07  6.66667e-08  6.94444e-08  0.00000e+00  5.00000e-08 
 0.00000e+00  5.00000e-08  6.94444e-08  7.22222e-08  0.00000e+00  5.00000e-08 
 5.00000e-08  1.00000e-07  6.94444e-08  7.22222e-08  0.00000e+00  5.00000e-08 
 0.00000e+00  5.00000e-08  6.66667e-08  6.94444e-08  5.00000e-08  1.00000e-07 
 5.00000e-08  1.00000e-07  6.66667e-08  6.94444e-08  5.00000e-08  1.00000e-07 
 0.00000e+00  5.00000e-08  6.94444e-08  7.22222e-08  5.00000e-08  1.00000e-07 
 5.00000e-08  1.00000e-07  6.94444e-08  7.22222e-08  5.00000e-08  1.00000e-07 
 0.00000e+00  5.00000e-08  7.22222e-08  7.50000e-08  0.00000e+00  5.00000e-08 
 5.00000e-08  1.00000e-07  7.22222e-08  7.50000e-08  0.00000e+00  5.00000e-08 
 0.00000e+00  5.00000e-08  7.50000e-08  7.77778e-08  0.00000e+00  5.00000e-08 
 5.00000e-08  1.00000e-07  7.50000e-08  7.77778e-08  0.00000e+00  5.00000e-08 
 0.00000e+00  5.00000e-08  7.22222e-08  7.50000e-08  5.00000e-08  1.00000e-07 
 5.00000e-08  1.00000e-07  7.22222e-08  7.50000e-08  5.00000e-08  1.00000e-07 
 0.00000e+00  5.00000e-08  7.50000e-08  7.77778e-08  5.00000e-08  1.00000e-07 
 5.00000e-08  1.00000e-07  7.50000e-08  7.77778e-08  5.00000e-08  1.00000e-07 
 0.00000e+00  5.00000e-08  7.77778e-08  8.05556e-08  0.00000e+00  5.00000e-08 
 5.00000e-08  1.00000e-07  7.77778e-08  8.05556e-08  0.00000e+00  5.00000e-08 
 0.00000e+00  5.00000e-08  8.05556e-08  8.33333e-08  0.00000e+00  5.00000e-08 
 5.00000e-08  1.00000e-07  8.05556e-08  8.33333e-08  0.00000e+00  5.00000e-08 
 0.00000e+00  5.00000e-08  7.77778e-08  8.05556e-08  5.00000e-08  1.00000e-07 
 5.00000e-08  1.00000e-07  7.77778e-08  8.05556e-08  5.00000e-08  1.00000e-07 
 0.00000e+00  5.00000e-08  8.05556e-08  8.33333e-08  5.00000e-08  1.00000e-07 
 5.00000e-08  1.00000e-07  8.05556e-08  8.33333e-08  5.00000e-08  1.00000e-07 
 0.00000e+00  5.00000e-08  8.33333e-08  8.61111e-08  0.00000e+00  5.00000e-08 
 5.00000e-08  1.00000e-07  8.33333e-08  8.61111e-08  0.00000e+00  5.00000e-08 
 0.00000e+00  5.00000e-08  8.61111e-08  8.88889e-08  0.00000e+00  5.00000e-08 
 5.00000e-08  1.00000e-07  8.61111e-08  8.88889e-08  0.00000e+00  5.00000e-08 
 0.00000e+00  5.00000e-08  8.33333e-08  8.61111e-08  5.00000e-08  1.00000e-07 
 5.00000e-08  1.00000e-07  8.33333e-08  8.61111e-08  5.00000e-08  1.00000e-07 
 0.00000e+00  5.00000e-08  8.61111e-08  8.88889e-08  5.00000e-08  1.00000e-07 
 5.00000e-08  1.00000e-07  8.61111e-08  8.88889e-08  5.00000e-08  1.00000e-07 
 0.00000e+00  5.00000e-08  8.88889e-08  9.16667e-08  0.00000e+00  5.00000e-08 
 5.00000e-08  1.00000e-07  8.88889e-08  9.16667e-08  0.00000e+00  5.00000e-08 
 0.00000e+00  5.00000e-08  9.16667e-08  9.44444e-08  0.00000e+00  5.00000e-08 
 5.00000e-08  1.00000e-07  9.16667e-08  9.44444e-08  0.00000e+00  5.00000e-08 
 0.00000e+00  5.00000e-08  8.88889e-08  9.16667e-08  5.00000e-08  1.00000e-07 
 5.00000e-08  1.00000e-07  8.88889e-08  9.16667e-08  5.00000e-08  1.00000e-07 
 0.00000e+00  5.00000e-08  9.16667e-08  9.44444e-08  5.00000e-08  1.00000e-07 
 5.00000e-08  1.00000e-07  9.16667e-08  9.44444e-08  5.00000e-08  1.00000e-07 
 0.00000e+00  5.00000e-08  9.44444e-08  9.72222e-08  0.00000e+00  5.00000e-08 
 5.00000e-08  1.00000e-07  9.44444e-08  9.72222e-08  0.00000e+00  5.00000e-08 
 0.00000e+00  5.00000e-08  9.72222e-08  1.00000e-07  0.00000e+00  5.00000e-08 
 5.00000e-08  1.00000e-07  9.72222e-08  1.00000e-07  0.00000e+00  5.00000e-08 
 0.00000e+00  5.00000e-08  9.44444e-08  9.72222e-08  5.00000e-08  1.00000e-07 
 5.00000e-08  1.00000e-07  9.44444e-08  9.72222e-08  5.00000e-08  1.00000e-07 
 0.00000e+00  5.00000e-08  9.72222e-08  1.00000e-07  5.00000e-08  1.00000e-07 
 5.00000e-08  1.00000e-07  9.72222e-08  1.00000e-07  5.00000e-08  1.00000e-07 
