   8.9356031e+06
   1.7874239e+07
   2.6816017e+07
   3.5760832e+07
   4.4708794e+07
   5.3659797e+07
   6.2613952e+07
   7.1571152e+07
   8.0531508e+07
   8.9494913e+07
   9.8461478e+07
   1.0743110e+08
   1.1640388e+08
   1.2537972e+08
   1.3435873e+08
   1.4334080e+08
   1.5232605e+08
   1.6131436e+08
   1.7030585e+08
   1.7930041e+08
   1.8829816e+08
   1.9729897e+08
   2.0630298e+08
   2.1531006e+08
   2.2432034e+08
   2.3333369e+08
   2.4235025e+08
   2.5136989e+08
   2.6039273e+08
   2.6941867e+08
   2.7844780e+08
   2.8748004e+08
   2.9651548e+08
   3.0555403e+08
   3.1459567e+08
   3.2364053e+08
   3.3268850e+08
   3.4173969e+08
   3.5079399e+08
   3.5985152e+08
   3.6891216e+08
   3.7797603e+08
   3.8704303e+08
   3.9611325e+08
   4.0518660e+08
   4.1426319e+08
   4.2334290e+08
   4.3242586e+08
   4.4151196e+08
   4.5060130e+08
   4.5969378e+08
   4.6878951e+08
   4.7788838e+08
   4.8699051e+08
   4.9609578e+08
   5.0520432e+08
   5.1431601e+08
   5.2343096e+08
   5.3254907e+08
   5.4167045e+08
   5.5079499e+08
   5.5992280e+08
   5.6905378e+08
   5.7818804e+08
   5.8732547e+08
   5.9646618e+08
   6.0561006e+08
   6.1475723e+08
   6.2390759e+08
   6.3306123e+08
   6.4221806e+08
   6.5137818e+08
   6.6054149e+08
   6.6970811e+08
   6.7887792e+08
   6.8805103e+08
   6.9722734e+08
   7.0640696e+08
   7.1558978e+08
   7.2477592e+08
   7.3396527e+08
   7.4315793e+08
   7.5235381e+08
   7.6155301e+08
   7.7075543e+08
   7.7996117e+08
   7.8917014e+08
   7.9838244e+08
   8.0759796e+08
   8.1681683e+08
   8.2603892e+08
   8.3526436e+08
   8.4449303e+08
   8.5372505e+08
   8.6296031e+08
   8.7219892e+08
   8.8144078e+08
   8.9068599e+08
   8.9993445e+08
   9.0918628e+08
   9.1844135e+08
   9.2769980e+08
   9.3696150e+08
   9.4622658e+08
   9.5549491e+08
   9.6476663e+08
   9.7404161e+08
   9.8331997e+08
   9.9260160e+08
   1.0018866e+09
   1.0111749e+09
   1.0204666e+09
   1.0297616e+09
   1.0390599e+09
   1.0483616e+09
   1.0576667e+09
   1.0669750e+09
   1.0762867e+09
   1.0856018e+09
   1.0949202e+09
   1.1042420e+09
   1.1135672e+09
   1.1228957e+09
   1.1322276e+09
   1.1415628e+09
   1.1509014e+09
   1.1602433e+09
   1.1695887e+09
   1.1789374e+09
   1.1882896e+09
   1.1976450e+09
   1.2070039e+09
   1.2163661e+09
   1.2257315e+09
   1.2351002e+09
   1.2444726e+09
   1.2538482e+09
   1.2632275e+09
   1.2726102e+09
   1.2819965e+09
   1.2913864e+09
   1.3007798e+09
   1.3101769e+09
   1.3195776e+09
   1.3289818e+09
   1.3383897e+09
   1.3478011e+09
   1.3572162e+09
   1.3666348e+09
   1.3760571e+09
   1.3854830e+09
   1.3949125e+09
   1.4043456e+09
   1.4137823e+09
   1.4232227e+09
   1.4326667e+09
   1.4421143e+09
   1.4515655e+09
   1.4610204e+09
   1.4704790e+09
   1.4799411e+09
   1.4894069e+09
   1.4988764e+09
   1.5083494e+09
   1.5178260e+09
   1.5273063e+09
   1.5367902e+09
   1.5462778e+09
   1.5557691e+09
   1.5652640e+09
   1.5747626e+09
   1.5842649e+09
   1.5937709e+09
   1.6032805e+09
   1.6127938e+09
   1.6223108e+09
   1.6318315e+09
   1.6413558e+09
   1.6508839e+09
   1.6604156e+09
   1.6699511e+09
   1.6794902e+09
   1.6890331e+09
   1.6985796e+09
   1.7081299e+09
   1.7176839e+09
   1.7272415e+09
   1.7368028e+09
   1.7463678e+09
   1.7559366e+09
   1.7655090e+09
   1.7750852e+09
   1.7846651e+09
   1.7942488e+09
   1.8038361e+09
   1.8134273e+09
   1.8230221e+09
   1.8326207e+09
   1.8422231e+09
   1.8518292e+09
   1.8614391e+09
   1.8710527e+09
   1.8806701e+09
   1.8902913e+09
   1.8999162e+09
   1.9095449e+09
   1.9191774e+09
   1.9288136e+09
   1.9384536e+09
   1.9480974e+09
   1.9577450e+09
   1.9673962e+09
   1.9770513e+09
   1.9867101e+09
   1.9963727e+09
   2.0060392e+09
   2.0157094e+09
   2.0253834e+09
   2.0350613e+09
   2.0447429e+09
   2.0544284e+09
   2.0641177e+09
   2.0738108e+09
   2.0835077e+09
   2.0932085e+09
   2.1029131e+09
   2.1126215e+09
   2.1223337e+09
   2.1320498e+09
   2.1417698e+09
   2.1514935e+09
   2.1612212e+09
   2.1709526e+09
   2.1806880e+09
   2.1904272e+09
   2.2001702e+09
   2.2099170e+09
   2.2196676e+09
   2.2294221e+09
   2.2391805e+09
   2.2489428e+09
   2.2587089e+09
   2.2684790e+09
   2.2782529e+09
   2.2880307e+09
   2.2978124e+09
   2.3075979e+09
   2.3173874e+09
   2.3271808e+09
   2.3369781e+09
   2.3467793e+09
   2.3565844e+09
   2.3663934e+09
   2.3762063e+09
   2.3860231e+09
   2.3958439e+09
   2.4056686e+09
   2.4154972e+09
   2.4253297e+09
   2.4351662e+09
   2.4450065e+09
   2.4548507e+09
   2.4646989e+09
   2.4745510e+09
   2.4844071e+09
   2.4942664e+09
   2.5041299e+09
   2.5139976e+09
   2.5238693e+09
   2.5337453e+09
   2.5436256e+09
   2.5535099e+09
   2.5633985e+09
   2.5732912e+09
   2.5831881e+09
   2.5930893e+09
   2.6029946e+09
   2.6129042e+09
   2.6228179e+09
   2.6327358e+09
   2.6426580e+09
   2.6525843e+09
   2.6625150e+09
   2.6724498e+09
   2.6823889e+09
   2.6923321e+09
   2.7022796e+09
   2.7122313e+09
   2.7221873e+09
   2.7321476e+09
   2.7421121e+09
   2.7520809e+09
   2.7620538e+09
   2.7720311e+09
   2.7820127e+09
   2.7919985e+09
   2.8019886e+09
   2.8119829e+09
   2.8219815e+09
   2.8319844e+09
   2.8419916e+09
   2.8520031e+09
   2.8620189e+09
   2.8720390e+09
   2.8820633e+09
   2.8920920e+09
   2.9021250e+09
   2.9121623e+09
   2.9222040e+09
   2.9322499e+09
   2.9423002e+09
   2.9523547e+09
   2.9624136e+09
   2.9724770e+09
   2.9825445e+09
   2.9926165e+09
   3.0026927e+09
   3.0127734e+09
   3.0228584e+09
   3.0329478e+09
   3.0430415e+09
   3.0531396e+09
   3.0632420e+09
   3.0733488e+09
   3.0834600e+09
   3.0935756e+09
   3.1036955e+09
   3.1138199e+09
   3.1239486e+09
   3.1340817e+09
   3.1442192e+09
   3.1543611e+09
   3.1645075e+09
   3.1746582e+09
   3.1848134e+09
   3.1949729e+09
   3.2051369e+09
   3.2153054e+09
   3.2254782e+09
   3.2356556e+09
   3.2458372e+09
   3.2560234e+09
   3.2662140e+09
   3.2764090e+09
   3.2866086e+09
   3.2968125e+09
   3.3070210e+09
   3.3172338e+09
   3.3274512e+09
   3.3376731e+09
   3.3478994e+09
   3.3581302e+09
   3.3683655e+09
   3.3786053e+09
   3.3888494e+09
   3.3990982e+09
   3.4093515e+09
   3.4196092e+09
   3.4298715e+09
   3.4401383e+09
   3.4504096e+09
   3.4606854e+09
   3.4709658e+09
   3.4812507e+09
   3.4915400e+09
   3.5018340e+09
   3.5121324e+09
   3.5224354e+09
   3.5327430e+09
   3.5430551e+09
   3.5533718e+09
   3.5636930e+09
   3.5740188e+09
   3.5843492e+09
   3.5946842e+09
   3.6050237e+09
   3.6153678e+09
   3.6257165e+09
   3.6360697e+09
   3.6464275e+09
   3.6567900e+09
   3.6671571e+09
   3.6775288e+09
   3.6879050e+09
   3.6982859e+09
   3.7086713e+09
   3.7190614e+09
   3.7294562e+09
   3.7398549e+09
   3.7502585e+09
   3.7606670e+09
   3.7710801e+09
   3.7814976e+09
   3.7919202e+09
   3.8023476e+09
   3.8127801e+09
   3.8232174e+09
   3.8336595e+09
   3.8441068e+09
   3.8545589e+09
   3.8650160e+09
   3.8754780e+09
   3.8859450e+09
   3.8964169e+09
   3.9068938e+09
   3.9173758e+09
   3.9278627e+09
   3.9383545e+09
   3.9488513e+09
   3.9593531e+09
   3.9698599e+09
   3.9803717e+09
   3.9908885e+09
   4.0014104e+09
   4.0119372e+09
   4.0224690e+09
   4.0330060e+09
   4.0435478e+09
   4.0540949e+09
   4.0646469e+09
   4.0752038e+09
   4.0857660e+09
   4.0963331e+09
   4.1069053e+09
   4.1174826e+09
   4.1280649e+09
   4.1386523e+09
   4.1492448e+09
   4.1598423e+09
   4.1704449e+09
   4.1810526e+09
   4.1916655e+09
   4.2022834e+09
   4.2129064e+09
   4.2235346e+09
   4.2341678e+09
   4.2448063e+09
   4.2554498e+09
   4.2660984e+09
   4.2767522e+09
   4.2874111e+09
   4.2980752e+09
   4.3087445e+09
   4.3194188e+09
   4.3300984e+09
   4.3407831e+09
   4.3514730e+09
   4.3621681e+09
   4.3728683e+09
   4.3835738e+09
   4.3942844e+09
   4.4050001e+09
   4.4157211e+09
   4.4264473e+09
   4.4371788e+09
   4.4479155e+09
   4.4586573e+09
   4.4694044e+09
   4.4801567e+09
   4.4909143e+09
   4.5016771e+09
   4.5124451e+09
   4.5232185e+09
   4.5339970e+09
   4.5447809e+09
   4.5555700e+09
   4.5663643e+09
   4.5771640e+09
   4.5879689e+09
   4.5987790e+09
   4.6095946e+09
   4.6204153e+09
   4.6312415e+09
   4.6420729e+09
   4.6529096e+09
   4.6637517e+09
   4.6745990e+09
   4.6854518e+09
   4.6963098e+09
   4.7071731e+09
   4.7180419e+09
   4.7289160e+09
   4.7397955e+09
   4.7506803e+09
   4.7615704e+09
   4.7724660e+09
   4.7833669e+09
   4.7942732e+09
   4.8051849e+09
   4.8161020e+09
   4.8270245e+09
   4.8379524e+09
   4.8488856e+09
   4.8598243e+09
   4.8707684e+09
   4.8817180e+09
   4.8926730e+09
   4.9036333e+09
   4.9145992e+09
   4.9255705e+09
   4.9365473e+09
   4.9475295e+09
   4.9585171e+09
   4.9695103e+09
   4.9805086e+09
   4.9915125e+09
   5.0025219e+09
   5.0135369e+09
   5.0245575e+09
   5.0355829e+09
   5.0466141e+09
   5.0576512e+09
   5.0686941e+09
   5.0797428e+09
   5.0907975e+09
   5.1018579e+09
   5.1129243e+09
   5.1239966e+09
   5.1350748e+09
   5.1461589e+09
   5.1572488e+09
   5.1683447e+09
   5.1794464e+09
   5.1905542e+09
   5.2016678e+09
   5.2127873e+09
   5.2239128e+09
   5.2350442e+09
   5.2461817e+09
   5.2573250e+09
   5.2684744e+09
   5.2796297e+09
   5.2907910e+09
   5.3019583e+09
   5.3131315e+09
   5.3243108e+09
   5.3354961e+09
   5.3466873e+09
   5.3578846e+09
   5.3690879e+09
   5.3802973e+09
   5.3915126e+09
   5.4027341e+09
   5.4139616e+09
   5.4251951e+09
   5.4364347e+09
   5.4476804e+09
   5.4589322e+09
   5.4701900e+09
   5.4814540e+09
   5.4927240e+09
   5.5040001e+09
   5.5152824e+09
   5.5265707e+09
   5.5378653e+09
   5.5491659e+09
   5.5604725e+09
   5.5717854e+09
   5.5831044e+09
   5.5944297e+09
   5.6057610e+09
   5.6170986e+09
   5.6284423e+09
   5.6397922e+09
   5.6511483e+09
   5.6625105e+09
   5.6738790e+09
   5.6852537e+09
   5.6966345e+09
   5.7080217e+09
   5.7194150e+09
   5.7308146e+09
   5.7422205e+09
   5.7536326e+09
   5.7650510e+09
   5.7764755e+09
   5.7879064e+09
   5.7993436e+09
   5.8107871e+09
   5.8222368e+09
   5.8336928e+09
   5.8451551e+09
   5.8566237e+09
   5.8680988e+09
   5.8795800e+09
   5.8910678e+09
   5.9025617e+09
   5.9140620e+09
   5.9255687e+09
   5.9370817e+09
   5.9486012e+09
   5.9601270e+09
   5.9716591e+09
   5.9831976e+09
   5.9947425e+09
   6.0062940e+09
   6.0178517e+09
   6.0294160e+09
   6.0409866e+09
   6.0525636e+09
   6.0641471e+09
   6.0757370e+09
   6.0873335e+09
   6.0989363e+09
   6.1105456e+09
   6.1221614e+09
   6.1337836e+09
   6.1454124e+09
   6.1570477e+09
   6.1686895e+09
   6.1803378e+09
   6.1919926e+09
   6.2036539e+09
   6.2153217e+09
   6.2269962e+09
   6.2386772e+09
   6.2503648e+09
   6.2620589e+09
   6.2737587e+09
   6.2854653e+09
   6.2971787e+09
   6.3088990e+09
   6.3206258e+09
   6.3323597e+09
   6.3441007e+09
   6.3558487e+09
   6.3676037e+09
   6.3793659e+09
   6.3911352e+09
   6.4029115e+09
   6.4146949e+09
   6.4264854e+09
   6.4382830e+09
   6.4500877e+09
   6.4618996e+09
   6.4737185e+09
   6.4855446e+09
   6.4973780e+09
   6.5092185e+09
   6.5210661e+09
   6.5329209e+09
   6.5447830e+09
   6.5566521e+09
   6.5685285e+09
   6.5804121e+09
   6.5923031e+09
   6.6042011e+09
   6.6161064e+09
   6.6280191e+09
   6.6399389e+09
   6.6518660e+09
   6.6638004e+09
   6.6757422e+09
   6.6876911e+09
   6.6996474e+09
   6.7116110e+09
   6.7235819e+09
   6.7355601e+09
   6.7475458e+09
   6.7595386e+09
   6.7715389e+09
   6.7835466e+09
   6.7955617e+09
   6.8075840e+09
   6.8196139e+09
   6.8316511e+09
   6.8436957e+09
   6.8557477e+09
   6.8678072e+09
   6.8798743e+09
   6.8919486e+09
   6.9040304e+09
   6.9161198e+09
   6.9282165e+09
   6.9403208e+09
   6.9524326e+09
   6.9645519e+09
   6.9766787e+09
   6.9888130e+09
   7.0009549e+09
   7.0131042e+09
   7.0252612e+09
   7.0374257e+09
   7.0495977e+09
   7.0617773e+09
   7.0739646e+09
   7.0861595e+09
   7.0983619e+09
   7.1105719e+09
   7.1227897e+09
   7.1350149e+09
   7.1472479e+09
   7.1594885e+09
   7.1717369e+09
   7.1839929e+09
   7.1962565e+09
   7.2085279e+09
   7.2208069e+09
   7.2330937e+09
   7.2453882e+09
   7.2576905e+09
   7.2700005e+09
   7.2823182e+09
   7.2946438e+09
   7.3069769e+09
   7.3193180e+09
   7.3316669e+09
   7.3440234e+09
   7.3563878e+09
   7.3687601e+09
   7.3811403e+09
   7.3935282e+09
   7.4059240e+09
   7.4183277e+09
   7.4307391e+09
   7.4431585e+09
   7.4555858e+09
   7.4680211e+09
   7.4804642e+09
   7.4929152e+09
   7.5053742e+09
   7.5178411e+09
   7.5303159e+09
   7.5427979e+09
   7.5552882e+09
   7.5677869e+09
   7.5802933e+09
   7.5928081e+09
   7.6053317e+09
   7.6178638e+09
   7.6304044e+09
   7.6429535e+09
   7.6555114e+09
   7.6680778e+09
   7.6806529e+09
   7.6932367e+09
   7.7058291e+09
   7.7184301e+09
   7.7310400e+09
   7.7436585e+09
   7.7562856e+09
   7.7689216e+09
   7.7815662e+09
   7.7942196e+09
   7.8068818e+09
   7.8195528e+09
   7.8322325e+09
   7.8449211e+09
   7.8576184e+09
   7.8703245e+09
   7.8830394e+09
   7.8957632e+09
   7.9084959e+09
   7.9212373e+09
   7.9339878e+09
   7.9467471e+09
   7.9595152e+09
   7.9722924e+09
   7.9850785e+09
   7.9978734e+09
   8.0106774e+09
   8.0234904e+09
   8.0363122e+09
   8.0491432e+09
   8.0619832e+09
   8.0748320e+09
   8.0876901e+09
   8.1005571e+09
   8.1134332e+09
   8.1263182e+09
   8.1392124e+09
   8.1521157e+09
   8.1650280e+09
   8.1779496e+09
   8.1908803e+09
   8.2038200e+09
   8.2167691e+09
   8.2297272e+09
   8.2426945e+09
   8.2556711e+09
   8.2686568e+09
   8.2816518e+09
   8.2946561e+09
   8.3076695e+09
   8.3206922e+09
   8.3337243e+09
   8.3467656e+09
   8.3598162e+09
   8.3728760e+09
   8.3859453e+09
   8.3990238e+09
   8.4121117e+09
   8.4252091e+09
   8.4383158e+09
   8.4514318e+09
   8.4645573e+09
   8.4776923e+09
   8.4908366e+09
   8.5039905e+09
   8.5171538e+09
   8.5303265e+09
   8.5435088e+09
   8.5567006e+09
   8.5699018e+09
   8.5831128e+09
   8.5963332e+09
   8.6095630e+09
   8.6228024e+09
   8.6360516e+09
   8.6493102e+09
   8.6625784e+09
   8.6758564e+09
   8.6891440e+09
   8.7024412e+09
   8.7157482e+09
   8.7290648e+09
   8.7423910e+09
   8.7557271e+09
   8.7690728e+09
   8.7824283e+09
   8.7957936e+09
   8.8091687e+09
   8.8225534e+09
   8.8359481e+09
   8.8493526e+09
   8.8627673e+09
   8.8761925e+09
   8.8896282e+09
   8.9030747e+09
   8.9165318e+09
   8.9299994e+09
   8.9434778e+09
   8.9569669e+09
   8.9704665e+09
   8.9839771e+09
   8.9974983e+09
   9.0110301e+09
   9.0245727e+09
   9.0381262e+09
   9.0516904e+09
   9.0652653e+09
   9.0788513e+09
   9.0924480e+09
   9.1060555e+09
   9.1196741e+09
   9.1333035e+09
   9.1469437e+09
   9.1605951e+09
   9.1742573e+09
   9.1879304e+09
   9.2016144e+09
   9.2153096e+09
   9.2290157e+09
   9.2427328e+09
   9.2564612e+09
   9.2702005e+09
   9.2839509e+09
   9.2977125e+09
   9.3114852e+09
   9.3252690e+09
   9.3390641e+09
   9.3528703e+09
   9.3666876e+09
   9.3805161e+09
   9.3943560e+09
   9.4082070e+09
   9.4220693e+09
   9.4359430e+09
   9.4498280e+09
   9.4637242e+09
   9.4776319e+09
   9.4915510e+09
   9.5054813e+09
   9.5194232e+09
   9.5333765e+09
   9.5473411e+09
   9.5613174e+09
   9.5753051e+09
   9.5893042e+09
   9.6033147e+09
   9.6173369e+09
   9.6313707e+09
   9.6454159e+09
   9.6594729e+09
   9.6735414e+09
   9.6876215e+09
   9.7017134e+09
   9.7158169e+09
   9.7299320e+09
   9.7440590e+09
   9.7581976e+09
   9.7723479e+09
   9.7865099e+09
   9.8006839e+09
   9.8148696e+09
   9.8290670e+09
   9.8432765e+09
   9.8574977e+09
   9.8717308e+09
   9.8859759e+09
   9.9002329e+09
   9.9145018e+09
   9.9287828e+09
   9.9430757e+09
   9.9573805e+09
   9.9716973e+09
   9.9860263e+09
   1.0000367e+10
   1.0014718e+10
   1.0029081e+10
   1.0043457e+10
   1.0057846e+10
   1.0072247e+10
   1.0086659e+10
   1.0101083e+10
   1.0115521e+10
   1.0129972e+10
   1.0144437e+10
   1.0158914e+10
   1.0173405e+10
   1.0187910e+10
   1.0202427e+10
   1.0216958e+10
   1.0231503e+10
   1.0246061e+10
   1.0260632e+10
   1.0275217e+10
   1.0289815e+10
   1.0304427e+10
   1.0319052e+10
   1.0333692e+10
   1.0348344e+10
   1.0363010e+10
   1.0377690e+10
   1.0392384e+10
   1.0407091e+10
   1.0421812e+10
   1.0436547e+10
   1.0451295e+10
   1.0466058e+10
   1.0480834e+10
   1.0495624e+10
   1.0510428e+10
   1.0525246e+10
   1.0540078e+10
   1.0554924e+10
   1.0569784e+10
   1.0584657e+10
   1.0599545e+10
   1.0614447e+10
   1.0629363e+10
   1.0644293e+10
   1.0659238e+10
   1.0674196e+10
   1.0689169e+10
   1.0704156e+10
   1.0719157e+10
   1.0734173e+10
   1.0749203e+10
   1.0764247e+10
   1.0779305e+10
   1.0794378e+10
   1.0809465e+10
   1.0824567e+10
   1.0839684e+10
   1.0854814e+10
   1.0869960e+10
   1.0885120e+10
   1.0900294e+10
   1.0915483e+10
   1.0930687e+10
   1.0945905e+10
   1.0961138e+10
   1.0976386e+10
   1.0991649e+10
   1.1006926e+10
   1.1022219e+10
   1.1037526e+10
   1.1052848e+10
   1.1068185e+10
   1.1083536e+10
   1.1098903e+10
   1.1114285e+10
   1.1129682e+10
   1.1145094e+10
   1.1160521e+10
   1.1175963e+10
   1.1191420e+10
   1.1206892e+10
   1.1222380e+10
   1.1237883e+10
   1.1253401e+10
   1.1268934e+10
   1.1284483e+10
   1.1300047e+10
   1.1315626e+10
   1.1331221e+10
   1.1346831e+10
   1.1362457e+10
   1.1378098e+10
   1.2737038e+07
   2.5473197e+07
   3.8208476e+07
   5.0942875e+07
   6.3676395e+07
   7.6409255e+07
   8.9141236e+07
   1.0187234e+08
   1.1460278e+08
   1.2733256e+08
   1.4006147e+08
   1.5278993e+08
   1.6551774e+08
   1.7824489e+08
   1.9097138e+08
   2.0369742e+08
   2.1642282e+08
   2.2914799e+08
   2.4187272e+08
   2.5459723e+08
   2.6732130e+08
   2.8004494e+08
   2.9276857e+08
   3.0549199e+08
   3.1821540e+08
   3.3093860e+08
   3.4366201e+08
   3.5638542e+08
   3.6910906e+08
   3.8183269e+08
   3.9455698e+08
   4.0728172e+08
   4.2000667e+08
   4.3273228e+08
   4.4545833e+08
   4.5818525e+08
   4.7091262e+08
   4.8364109e+08
   4.9636999e+08
   5.0910021e+08
   5.2183176e+08
   5.3456418e+08
   5.4729814e+08
   5.6003297e+08
   5.7276957e+08
   5.8550793e+08
   5.9824761e+08
   6.1098927e+08
   6.2373313e+08
   6.3647853e+08
   6.4922636e+08
   6.6197573e+08
   6.7472774e+08
   6.8748240e+08
   7.0023905e+08
   7.1299879e+08
   7.2576162e+08
   7.3852665e+08
   7.5129522e+08
   7.6406711e+08
   7.7684166e+08
   7.8962019e+08
   8.0240248e+08
   8.1518766e+08
   8.2797726e+08
   8.4077109e+08
   8.5356824e+08
   8.6637006e+08
   8.7917677e+08
   8.9198704e+08
   9.0480265e+08
   9.1762339e+08
   9.3044814e+08
   9.4327869e+08
   9.5611504e+08
   9.6895565e+08
   9.8180251e+08
   9.9465587e+08
   1.0075137e+09
   1.0203785e+09
   1.0332503e+09
   1.0461290e+09
   1.0590133e+09
   1.0719051e+09
   1.0848045e+09
   1.0977099e+09
   1.1106233e+09
   1.1235451e+09
   1.1364731e+09
   1.1494099e+09
   1.1623557e+09
   1.1753107e+09
   1.1882727e+09
   1.2012443e+09
   1.2142257e+09
   1.2272144e+09
   1.2402137e+09
   1.2532235e+09
   1.2662439e+09
   1.2792728e+09
   1.2923129e+09
   1.3053646e+09
   1.3184249e+09
   1.3314974e+09
   1.3445823e+09
   1.3576794e+09
   1.3707863e+09
   1.3839065e+09
   1.3970401e+09
   1.4101834e+09
   1.4233411e+09
   1.4365131e+09
   1.4496992e+09
   1.4628966e+09
   1.4761092e+09
   1.4893372e+09
   1.5025806e+09
   1.5158364e+09
   1.5291087e+09
   1.5423972e+09
   1.5556985e+09
   1.5690172e+09
   1.5823538e+09
   1.5957080e+09
   1.6090761e+09
   1.6224630e+09
   1.6358689e+09
   1.6492936e+09
   1.6627338e+09
   1.6761940e+09
   1.6896747e+09
   1.7031756e+09
   1.7166930e+09
   1.7302321e+09
   1.7437931e+09
   1.7573758e+09
   1.7709765e+09
   1.7846006e+09
   1.7982479e+09
   1.8119185e+09
   1.8256089e+09
   1.8393239e+09
   1.8530640e+09
   1.8668239e+09
   1.8806102e+09
   1.8944231e+09
   1.9082628e+09
   1.9221237e+09
   1.9360129e+09
   1.9499306e+09
   1.9638767e+09
   1.9778461e+09
   1.9918457e+09
   2.0058757e+09
   2.0199362e+09
   2.0340216e+09
   2.0481394e+09
   2.0622898e+09
   2.0764727e+09
   2.0906825e+09
   2.1049268e+09
   2.1192059e+09
   2.1335199e+09
   2.1478628e+09
   2.1622427e+09
   2.1766596e+09
   2.1911139e+09
   2.2055991e+09
   2.2201240e+09
   2.2346884e+09
   2.2492930e+09
   2.2639308e+09
   2.2786110e+09
   2.2933336e+09
   2.3080989e+09
   2.3228999e+09
   2.3377461e+09
   2.3526378e+09
   2.3675751e+09
   2.3825510e+09
   2.3975750e+09
   2.4126479e+09
   2.4277696e+09
   2.4429326e+09
   2.4581473e+09
   2.4734142e+09
   2.4887335e+09
   2.5040974e+09
   2.5195166e+09
   2.5349918e+09
   2.5505230e+09
   2.5661028e+09
   2.5817417e+09
   2.5974399e+09
   2.6131981e+09
   2.6290093e+09
   2.6448832e+09
   2.6608202e+09
   2.6768208e+09
   2.6928789e+09
   2.7090033e+09
   2.7251947e+09
   2.7414531e+09
   2.7577738e+09
   2.7741645e+09
   2.7906259e+09
   2.8071584e+09
   2.8237575e+09
   2.8404302e+09
   2.8571775e+09
   2.8739997e+09
   2.8908931e+09
   2.9078643e+09
   2.9249136e+09
   2.9420416e+09
   2.9592460e+09
   2.9765314e+09
   2.9938987e+09
   3.0113489e+09
   3.0288801e+09
   3.0464962e+09
   3.0641982e+09
   3.0819869e+09
   3.0998613e+09
   3.1178246e+09
   3.1358771e+09
   3.1540202e+09
   3.1722544e+09
   3.1905811e+09
   3.2090011e+09
   3.2275149e+09
   3.2461250e+09
   3.2648310e+09
   3.2836337e+09
   3.3025348e+09
   3.3215366e+09
   3.3406379e+09
   3.3598396e+09
   3.3791434e+09
   3.3985528e+09
   3.4180654e+09
   3.4376819e+09
   3.4574032e+09
   3.4772354e+09
   3.4971738e+09
   3.5172195e+09
   3.5373736e+09
   3.5576429e+09
   3.5780215e+09
   3.5985105e+09
   3.6191116e+09
   3.6398320e+09
   3.6606647e+09
   3.6816104e+09
   3.7026710e+09
   3.7238551e+09
   3.7451535e+09
   3.7665681e+09
   3.7880997e+09
   3.8097578e+09
   3.8315329e+09
   3.8534262e+09
   3.8754490e+09
   3.8975902e+09
   3.9198517e+09
   3.9422341e+09
   3.9647476e+09
   3.9873828e+09
   4.0101403e+09
   4.0330213e+09
   4.0560358e+09
   4.0791737e+09
   4.1024373e+09
   4.1258269e+09
   4.1493524e+09
   4.1730039e+09
   4.1967827e+09
   4.2207003e+09
   4.2447458e+09
   4.2689206e+09
   4.2932253e+09
   4.3176709e+09
   4.3422468e+09
   4.3669545e+09
   4.3918054e+09
   4.4167877e+09
   4.4419034e+09
   4.4671534e+09
   4.4925485e+09
   4.5180781e+09
   4.5437437e+09
   4.5695566e+09
   4.5955048e+09
   4.6215907e+09
   4.6478148e+09
   4.6741880e+09
   4.7006996e+09
   4.7273520e+09
   4.7541556e+09
   4.7810992e+09
   4.8081843e+09
   4.8354124e+09
   4.8627921e+09
   4.8903148e+09
   4.9179821e+09
   4.9458039e+09
   4.9737703e+09
   5.0018816e+09
   5.0301469e+09
   5.0585593e+09
   5.0871191e+09
   5.1158313e+09
   5.1446940e+09
   5.1737077e+09
   5.2028752e+09
   5.2321958e+09
   5.2616745e+09
   5.2913120e+09
   5.3211052e+09
   5.3510642e+09
   5.3811908e+09
   5.4114758e+09
   5.4419372e+09
   5.4725770e+09
   5.5033819e+09
   5.5343758e+09
   5.5655610e+09
   5.5969213e+09
   5.6284856e+09
   5.6602580e+09
   5.6922190e+09
   5.7244031e+09
   5.7567794e+09
   5.7893963e+09
   5.8222573e+09
   5.8553320e+09
   5.8886729e+09
   5.9222827e+09
   5.9561332e+09
   5.9902783e+09
   6.0247216e+09
   6.0594405e+09
   6.0944878e+09
   6.1298256e+09
   6.1655226e+09
   6.2015880e+09
   6.2379915e+09
   6.2748003e+09
   6.3119783e+09
   6.3496020e+09
   6.3876822e+09
   6.4262000e+09
   6.4652212e+09
   6.5047231e+09
   6.5447785e+09
   6.5853629e+09
   6.6265548e+09
   6.6683324e+09
   6.7107784e+09
   6.7538718e+09
   6.7977002e+09
   6.8422460e+09
   6.8875999e+09
   6.9337542e+09
   6.9808006e+09
   7.0287432e+09
   7.0776717e+09
   7.1276006e+09
   7.1786281e+09
   7.2307777e+09
   7.2841193e+09
   7.3387610e+09
   7.3947510e+09
   7.4521708e+09
   7.5111519e+09
   7.5717617e+09
   7.6341085e+09
   7.6983619e+09
   7.7646361e+09
   7.8331007e+09
   7.9039596e+09
   7.9774597e+09
   8.0538870e+09
   8.1335435e+09
   8.2169089e+09
   8.3044595e+09
   8.3968201e+09
   8.4947643e+09
   8.5992794e+09
   8.7116466e+09
   8.8335595e+09
   8.9673391e+09
   9.1163561e+09
   9.2859002e+09
   9.4848213e+09
   9.7296752e+09
   1.0056480e+10
   1.0571278e+10
   1.1958965e+10
